Running 5m test @ http://127.0.0.1:8080/wrk2-api/post/compose
  1 threads and 1 connections
  Thread calibration: mean lat.: 727.047ms, rate sampling interval: 2238ms
  Thread Stats   Avg      Stdev     Max   +/- Stdev
    Latency     1.56m     0.96m    3.30m    57.16%
    Req/Sec    31.70      4.37    58.00     90.70%
  Latency Distribution (HdrHistogram - Recorded Latency)
 50.000%    1.55m 
 75.000%    2.37m 
 90.000%    2.92m 
 99.000%    3.26m 
 99.900%    3.29m 
 99.990%    3.30m 
 99.999%    3.30m 
100.000%    3.30m 

  Detailed Percentile spectrum:
       Value   Percentile   TotalCount 1/(1-Percentile)

    1111.039     0.000000            1         1.00
   16080.895     0.100000          934         1.11
   33308.671     0.200000         1868         1.25
   50266.111     0.300000         2801         1.43
   73924.607     0.400000         3735         1.67
   92798.975     0.500000         4669         2.00
  103350.271     0.550000         5135         2.22
  112590.847     0.600000         5600         2.50
  121765.887     0.650000         6069         2.86
  131661.823     0.700000         6535         3.33
  142475.263     0.750000         7002         4.00
  148373.503     0.775000         7233         4.44
  153747.455     0.800000         7468         5.00
  158990.335     0.825000         7700         5.71
  164495.359     0.850000         7938         6.67
  169738.239     0.875000         8166         8.00
  172490.751     0.887500         8285         8.89
  175374.335     0.900000         8401        10.00
  178126.847     0.912500         8520        11.43
  180748.287     0.925000         8638        13.33
  183369.727     0.937500         8751        16.00
  185204.735     0.943750         8811        17.78
  186777.599     0.950000         8870        20.00
  188481.535     0.956250         8929        22.86
  189792.255     0.962500         8985        26.67
  191102.975     0.968750         9046        32.00
  191758.335     0.971875         9074        35.56
  192413.695     0.975000         9100        40.00
  193069.055     0.978125         9131        45.71
  193724.415     0.981250         9158        53.33
  194510.847     0.984375         9192        64.00
  194772.991     0.985938         9203        71.11
  195166.207     0.987500         9218        80.00
  195428.351     0.989062         9230        91.43
  195821.567     0.990625         9246       106.67
  196214.783     0.992188         9262       128.00
  196345.855     0.992969         9269       142.22
  196476.927     0.993750         9276       160.00
  196607.999     0.994531         9281       182.86
  196870.143     0.995313         9294       213.33
  197001.215     0.996094         9299       256.00
  197132.287     0.996484         9305       284.44
  197132.287     0.996875         9305       320.00
  197263.359     0.997266         9311       365.71
  197263.359     0.997656         9311       426.67
  197394.431     0.998047         9317       512.00
  197394.431     0.998242         9317       568.89
  197525.503     0.998437         9322       640.00
  197525.503     0.998633         9322       731.43
  197525.503     0.998828         9322       853.33
  197656.575     0.999023         9326      1024.00
  197656.575     0.999121         9326      1137.78
  197656.575     0.999219         9326      1280.00
  197656.575     0.999316         9326      1462.86
  197787.647     0.999414         9331      1706.67
  197787.647     0.999512         9331      2048.00
  197787.647     0.999561         9331      2275.56
  197787.647     0.999609         9331      2560.00
  197787.647     0.999658         9331      2925.71
  197787.647     0.999707         9331      3413.33
  197787.647     0.999756         9331      4096.00
  197787.647     0.999780         9331      4551.11
  197787.647     0.999805         9331      5120.00
  197787.647     0.999829         9331      5851.43
  197787.647     0.999854         9331      6826.67
  197787.647     0.999878         9331      8192.00
  197787.647     0.999890         9331      9102.22
  197918.719     0.999902         9332     10240.00
  197918.719     1.000000         9332          inf
#[Mean    =    93791.621, StdDeviation   =    57553.667]
#[Max     =   197787.648, Total count    =         9332]
#[Buckets =           27, SubBuckets     =         2048]
----------------------------------------------------------
  10219 requests in 5.00m, 2.43MB read
  Non-2xx or 3xx responses: 973
Requests/sec:     34.06
Transfer/sec:      8.29KB
