Running 5m test @ http://127.0.0.1:8080/wrk2-api/post/compose
  1 threads and 1 connections
  Thread calibration: mean lat.: 1407.036ms, rate sampling interval: 5918ms
  Thread Stats   Avg      Stdev     Max   +/- Stdev
    Latency    20.33s    37.32s    4.19m    93.90%
    Req/Sec    14.16     27.68    83.00     81.63%
  Latency Distribution (HdrHistogram - Recorded Latency)
 50.000%   11.54s 
 75.000%   16.09s 
 90.000%   18.64s 
 99.000%    3.67m 
 99.900%    4.14m 
 99.990%    4.19m 
 99.999%    4.19m 
100.000%    4.19m 

  Detailed Percentile spectrum:
       Value   Percentile   TotalCount 1/(1-Percentile)

    3487.743     0.000000            1         1.00
    6123.519     0.100000          420         1.11
    7348.223     0.200000          842         1.25
    8642.559     0.300000         1261         1.43
   10223.615     0.400000         1680         1.67
   11542.527     0.500000         2102         2.00
   12091.391     0.550000         2313         2.22
   12443.647     0.600000         2520         2.50
   13107.199     0.650000         2730         2.86
   14909.439     0.700000         2950         3.33
   16097.279     0.750000         3150         4.00
   16629.759     0.775000         3255         4.44
   17219.583     0.800000         3362         5.00
   17776.639     0.825000         3465         5.71
   18202.623     0.850000         3578         6.67
   18350.079     0.875000         3678         8.00
   18497.535     0.887500         3730         8.89
   18644.991     0.900000         3781        10.00
   18792.447     0.912500         3835        11.43
   18939.903     0.925000         3890        13.33
   53280.767     0.937500         3937        16.00
   72482.815     0.943750         3963        17.78
   92733.439     0.950000         3990        20.00
  112918.527     0.956250         4016        22.86
  132186.111     0.962500         4042        26.67
  152436.735     0.968750         4068        32.00
  162398.207     0.971875         4081        35.56
  172621.823     0.975000         4095        40.00
  182714.367     0.978125         4108        45.71
  192806.911     0.981250         4122        53.33
  201981.951     0.984375         4134        64.00
  206962.687     0.985938         4140        71.11
  212074.495     0.987500         4147        80.00
  217055.231     0.989062         4154        91.43
  222167.039     0.990625         4160       106.67
  227147.775     0.992188         4167       128.00
  229244.927     0.992969         4170       142.22
  232259.583     0.993750         4174       160.00
  235274.239     0.994531         4178       182.86
  237240.319     0.995313         4180       213.33
  239337.471     0.996094         4183       256.00
  241303.551     0.996484         4186       284.44
  241303.551     0.996875         4186       320.00
  243269.631     0.997266         4188       365.71
  244318.207     0.997656         4190       426.67
  245366.783     0.998047         4191       512.00
  246415.359     0.998242         4192       568.89
  247332.863     0.998437         4193       640.00
  247463.935     0.998633         4194       731.43
  248381.439     0.998828         4195       853.33
  248381.439     0.999023         4195      1024.00
  249430.015     0.999121         4196      1137.78
  249430.015     0.999219         4196      1280.00
  250347.519     0.999316         4197      1462.86
  250347.519     0.999414         4197      1706.67
  250347.519     0.999512         4197      2048.00
  250478.591     0.999561         4198      2275.56
  250478.591     0.999609         4198      2560.00
  250478.591     0.999658         4198      2925.71
  250478.591     0.999707         4198      3413.33
  250478.591     0.999756         4198      4096.00
  251396.095     0.999780         4199      4551.11
  251396.095     1.000000         4199          inf
#[Mean    =    20329.389, StdDeviation   =    37315.559]
#[Max     =   251265.024, Total count    =         4199]
#[Buckets =           27, SubBuckets     =         2048]
----------------------------------------------------------
  4853 requests in 5.00m, 1.28MB read
  Non-2xx or 3xx responses: 4843
Requests/sec:     16.17
Transfer/sec:      4.38KB
